0 10.0 10.0 10.0
0 10.0 10.0 10.0
0 10.0 10.0 10.0
0 10.0 10.0 10.0
0 10.0 10.0 10.0
0 10.0 10.0 10.0
0 10.0 10.0 10.0
0 10.0 10.0 10.0
0 10.0 10.0 10.0
0 10.0 10.0 10.0
0 10.0 10.0 10.0
0 10.0 10.0 10.0
0 10.0 10.0 10.0
0 10.0 10.0 10.0
0 10.0 10.0 10.0
0 10.0 10.0 10.0
0 10.0 10.0 10.0
0 10.0 10.0 10.0
0 10.0 10.0 10.0
0 10.0 10.0 10.0
0 10.0 10.0 10.0
0 90.0 90.0 90.0
0 10.0 10.0 10.0
0 90.0 90.0 90.0
0 10.0 10.0 10.0
0 90.0 90.0 90.0
0 10.0 10.0 10.0
0 90.0 90.0 90.0
0 10.0 10.0 10.0
0 90.0 90.0 90.0
0 10.0 10.0 10.0
0 90.0 90.0 90.0
0 10.0 10.0 10.0
0 90.0 90.0 90.0
0 10.0 10.0 10.0
0 90.0 90.0 90.0
0 10.0 10.0 10.0
0 90.0 90.0 90.0
0 10.0 10.0 10.0
0 90.0 90.0 90.0
0 10.0 10.0 10.0
0 90.0 90.0 90.0
0 10.0 10.0 10.0
0 90.0 90.0 90.0
0 10.0 10.0 10.0
0 90.0 90.0 90.0
0 10.0 10.0 10.0
0 90.0 90.0 90.0
0 10.0 10.0 10.0
0 90.0 90.0 90.0
0 10.0 10.0 10.0
0 90.0 90.0 90.0
0 90.0 90.0 90.0
0 90.0 90.0 90.0
0 90.0 90.0 90.0
0 90.0 90.0 90.0
0 90.0 90.0 90.0
0 90.0 90.0 90.0
0 90.0 90.0 90.0
0 90.0 90.0 90.0
0 90.0 90.0 90.0
0 90.0 90.0 90.0
0 90.0 90.0 90.0
0 90.0 90.0 90.0
0 90.0 90.0 90.0
0 90.0 90.0 90.0
0 90.0 90.0 90.0
0 90.0 90.0 90.0
0 90.0 90.0 90.0
0 90.0 90.0 90.0
0 90.0 90.0 90.0
0 90.0 90.0 90.0
0 50.0 50.0 50.0
0 50.0 50.0 50.0
0 50.0 50.0 50.0
0 50.0 50.0 50.0
0 50.0 50.0 50.0
0 50.0 50.0 50.0
0 50.0 50.0 50.0
0 50.0 50.0 50.0
0 50.0 50.0 50.0
0 50.0 50.0 50.0
0 50.0 50.0 50.0
0 50.0 50.0 50.0
0 50.0 50.0 50.0
0 50.0 50.0 50.0
0 50.0 50.0 50.0
0 50.0 50.0 50.0
0 50.0 50.0 50.0
0 50.0 50.0 50.0
0 50.0 50.0 50.0
0 50.0 50.0 50.0
0 50.0 50.0 50.0
0 50.0 50.0 50.0
0 50.0 50.0 50.0
0 50.0 50.0 50.0
0 50.0 50.0 50.0
1613906211 0.55730337 32.4416 182.85265
1613912967 0.02631579 6.314356 17.958694
1613913249 0.0 0.0 0.0
1613913381 0.0 0.0 0.0
1613913387 0.0 0.0 0.0
1613914165 0.06377478 41.951023 190.52794
1613915555 0.0 0.0 0.0
1613915559 0.0 0.0 0.0
